hex_beyond_north_trade_node = {
	color = { 135 130 255 }
	inland = yes
	location = 40

	members = { 40 41 42 43 44 45 46 47 48 49 50 51 52 53 54 55 56 57 58 59 60 61 62 63 64 65 66 67 68 69 70 71 72 73 74 75 76 }

	outgoing={
		name="hex_city_trade_node"
		path={ 40 2 }
		control={
			3169.000000 587.000000 3115.000000 585.000000 3050.000000 593.000000 3007.000000 566.000000 2939.000000 618.000000 2930.000000 701.000000 
		}
	}
}

hex_beyond_desert_trade_node = {
	color = { 0 25 50 }
	inland = yes
	location = 77

	members = { 77 78 79 80 81 82 83 84 85 86 87 88 89 90 91 92 93 94 95 96 97 98 99 100 101 102 103 104 105 106 107 108 109 110 111 112 113 }

	outgoing={
		name="hex_city_trade_node"
		path={ 77 2 }
		control={
			3169.000000 587.000000 3115.000000 585.000000 3050.000000 593.000000 3007.000000 566.000000 2939.000000 618.000000 2930.000000 701.000000 
		}
	}
}

hex_beyond_desert_trade_node = {
	color = { 47 231 86 }
	location = 114

	members = { 114 115 116 117 118 119 120 121 122 123 124 125 126 127 128 129 130 131 132 133 134 135 136 137 138 139 140 141 142 143 144 145 146 147 148 149 150 }

	outgoing={
		name="hex_city_trade_node"
		path={ 114 2 }
		control={
			3169.000000 587.000000 3115.000000 585.000000 3050.000000 593.000000 3007.000000 566.000000 2939.000000 618.000000 2930.000000 701.000000 
		}
	}
}

hex_beyond_islands_trade_node = {
	color = { 74 23 91 }
	location = 151

	members = { 151 152 153 154 155 156 157 158 159 160 161 162 163 164 165 166 167 168 169 170 171 172 173 174 175 176 177 178 179 180 181 182 183 184 185 186 187 }

	outgoing={
		name="hex_city_trade_node"
		path={ 151 2 }
		control={
			3169.000000 587.000000 3115.000000 585.000000 3050.000000 593.000000 3007.000000 566.000000 2939.000000 618.000000 2930.000000 701.000000 
		}
	}
}

hex_beyond_plains_trade_node = {
	color = { 111 8 52 }
	location = 188

	members = { 188 189 190 191 192 193 194 195 196 197 198 199 200 201 202 203 204 205 206 207 208 209 210 211 212 213 214 215 216 217 218 219 220 221 222 223 224 }

	outgoing={
		name="hex_city_trade_node"
		path={ 188 2 }
		control={
			3169.000000 587.000000 3115.000000 585.000000 3050.000000 593.000000 3007.000000 566.000000 2939.000000 618.000000 2930.000000 701.000000 
		}
	}
}

hex_beyond_forest_trade_node = {
	color = { 73 231 1 }
	location = 225

	members = { 225 226 227 228 229 230 231 232 233 234 235 236 237 238 239 240 241 242 243 244 245 246 247 248 249 250 251 252 253 254 255 256 257 258 259 260 261 }

	outgoing={
		name="hex_city_trade_node"
		path={ 225 2 }
		control={
			3169.000000 587.000000 3115.000000 585.000000 3050.000000 593.000000 3007.000000 566.000000 2939.000000 618.000000 2930.000000 701.000000 
		}
	}
}

hex_city_trade_node = {
	color = { 220 138 57 }
	end = yes
	location = 2

	members = { 1 2 3 4 5 6 7 8 9 11 12 13 14 15 16 17 18 19 20 21 23 25 26 27 28 29 30 31 32 33 34 35 36 37 38 }
}